#observation description
#name
GJ570D SpeX

#type
spectroscopy

#filter transmission function
None

#wl (micron)    fl (W m-2 mu-1) error           profile fwhm     weight
8.546470e-01	1.067250e-16	4.268400e-17	1.039500e-02     1
8.577970e-01	1.554700e-17	6.090700e-17	1.045770e-02     0
8.609660e-01	2.235860e-16	1.419440e-16	1.052370e-02     0
8.641550e-01	9.457600e-17	1.087830e-16	1.058970e-02     1
8.673640e-01	2.628640e-16	1.121910e-16	1.064910e-02     0
8.705910e-01	2.536920e-16	3.449900e-17	1.071510e-02     0
8.738380e-01	1.915240e-16	4.122700e-17	1.077780e-02     1
8.771040e-01	2.369350e-16	1.440910e-16	1.084050e-02     0
8.803890e-01	2.678520e-16	1.319020e-16	1.090320e-02     0
8.836930e-01	3.016220e-16	1.434050e-16	1.096260e-02     1
8.870150e-01	4.193760e-16	8.088500e-17	1.102860e-02     0
8.903570e-01	2.276850e-16	2.063230e-16	1.108800e-02     0
8.937170e-01	2.829930e-16	7.792400e-17	1.114740e-02     1
8.970950e-01	2.295020e-16	1.617580e-16	1.121010e-02     0
9.004920e-01	1.785340e-16	7.235000e-17	1.127280e-02     0
9.039080e-01	2.372830e-16	3.356700e-17	1.132890e-02     1
9.073410e-01	3.205920e-16	6.429200e-17	1.139160e-02     0
9.107930e-01	2.921800e-16	2.744900e-17	1.144770e-02     0
9.142620e-01	3.383890e-16	1.042440e-16	1.150710e-02     1
9.177490e-01	3.396670e-16	3.267100e-17	1.156650e-02     0
9.212540e-01	4.081720e-16	4.387000e-17	1.162260e-02     0
9.247760e-01	3.100670e-16	3.032900e-17	1.168200e-02     1
9.283160e-01	3.380780e-16	1.267960e-16	1.173810e-02     0
9.318730e-01	1.852340e-16	6.612200e-17	1.179420e-02     0
9.354470e-01	2.060960e-16	3.738300e-17	1.185030e-02     1
9.390380e-01	2.071950e-16	1.600540e-16	1.190310e-02     0
9.426450e-01	5.171190e-16	1.501810e-16	1.195920e-02     0
9.462690e-01	4.300240e-16	1.180590e-16	1.201530e-02     1
9.499100e-01	3.518270e-16	3.560600e-17	1.206480e-02     0
9.535660e-01	3.661980e-16	3.295600e-17	1.212090e-02     0
9.572390e-01	3.974110e-16	5.406700e-17	1.217370e-02     1
9.609280e-01	4.409620e-16	6.493600e-17	1.222650e-02     0
9.646330e-01	3.676280e-16	1.129090e-16	1.227600e-02     0
9.683530e-01	4.371690e-16	1.349260e-16	1.232550e-02     1
9.720880e-01	5.230100e-16	1.310350e-16	1.237830e-02     0
9.758390e-01	6.849020e-16	3.799700e-17	1.242450e-02     0
9.796040e-01	7.544380e-16	1.412800e-17	1.247730e-02     1
9.833850e-01	8.242460e-16	4.127800e-17	1.252350e-02     0
9.871800e-01	8.545470e-16	7.085200e-17	1.256970e-02     0
9.909890e-01	1.055557e-15	9.775100e-17	1.261920e-02     1
9.948130e-01	1.083087e-15	8.034800e-17	1.266540e-02     0
9.986510e-01	1.217614e-15	5.435100e-17	1.270170e-02     0
1.002500e+00	1.224905e-15	6.350800e-17	1.277100e-02     1
1.006370e+00	1.229669e-15	7.018300e-17	1.280400e-02     0
1.010250e+00	1.357760e-15	2.354000e-17	1.283700e-02     0
1.014140e+00	1.554405e-15	3.430700e-17	1.287000e-02     1
1.018040e+00	1.812523e-15	1.430800e-17	1.293600e-02     0
1.021960e+00	1.821903e-15	7.093100e-17	1.296900e-02     0
1.025890e+00	2.138960e-15	3.925000e-17	1.303500e-02     1
1.029840e+00	2.215175e-15	1.090800e-16	1.303500e-02     0
1.033790e+00	2.167410e-15	9.674800e-17	1.310100e-02     0
1.037760e+00	2.475771e-15	7.878000e-17	1.313400e-02     1
1.041740e+00	2.581081e-15	1.241290e-16	1.316700e-02     0
1.045730e+00	2.657261e-15	7.613700e-17	1.320000e-02     0
1.049730e+00	2.807094e-15	1.176010e-16	1.323300e-02     1
1.053740e+00	2.938733e-15	1.327460e-16	1.329900e-02     0
1.057770e+00	3.068433e-15	7.638500e-17	1.329900e-02     0
1.061800e+00	3.208958e-15	1.055180e-16	1.336500e-02     1
1.065850e+00	3.213877e-15	2.720300e-17	1.339800e-02     0
1.069910e+00	3.427714e-15	6.452200e-17	1.339800e-02     0
1.073970e+00	3.472485e-15	1.535240e-16	1.346400e-02     1
1.078050e+00	3.548904e-15	1.204110e-16	1.349700e-02     0
1.082140e+00	3.521422e-15	1.173940e-16	1.349700e-02     0
1.086230e+00	3.356011e-15	1.071150e-16	1.356300e-02     1
1.090340e+00	3.049424e-15	9.435400e-17	1.356300e-02     0
1.094450e+00	2.311269e-15	6.003100e-17	1.362900e-02     0
1.098580e+00	1.635276e-15	1.360260e-16	1.362900e-02     1
1.102710e+00	1.323274e-15	4.443000e-17	1.366200e-02     0
1.106850e+00	8.573130e-16	4.062300e-17	1.369500e-02     0
1.111000e+00	6.910950e-16	9.985000e-18	1.369500e-02     1
1.115150e+00	4.306930e-16	5.028300e-17	1.376100e-02     0
1.119320e+00	3.172560e-16	6.338200e-17	1.376100e-02     0
1.123490e+00	4.230250e-16	5.689400e-17	1.379400e-02     1
1.127670e+00	4.631700e-16	1.826300e-17	1.382700e-02     0
1.131860e+00	4.581680e-16	5.500000e-17	1.382700e-02     0
1.136050e+00	4.354270e-16	4.426000e-17	1.386000e-02     1
1.140250e+00	4.674550e-16	1.225700e-17	1.389300e-02     0
1.144460e+00	4.082070e-16	2.429600e-17	1.389300e-02     0
1.148670e+00	3.238870e-16	7.253300e-17	1.392600e-02     1
1.152890e+00	2.616210e-16	2.665900e-17	1.395900e-02     0
1.157120e+00	2.629010e-16	3.470200e-17	1.395900e-02     0
1.161350e+00	3.003710e-16	3.515500e-17	1.399200e-02     1
1.165590e+00	2.680060e-16	2.749300e-17	1.399200e-02     0
1.169830e+00	3.527390e-16	8.479500e-17	1.402500e-02     0
1.174080e+00	3.985630e-16	4.407500e-17	1.402500e-02     1
1.178330e+00	5.183440e-16	2.571700e-17	1.405800e-02     0
1.182590e+00	6.014310e-16	1.762500e-17	1.409100e-02     0
1.186860e+00	7.740310e-16	2.360000e-17	1.405800e-02     1
1.191120e+00	9.171950e-16	6.521400e-17	1.409100e-02     0
1.195390e+00	1.058298e-15	6.322900e-17	1.412400e-02     0
1.199670e+00	1.340476e-15	3.132300e-17	1.412400e-02     1
1.203950e+00	1.616320e-15	1.266200e-16	1.412400e-02     0
1.208230e+00	1.971838e-15	6.531600e-17	1.415700e-02     0
1.212520e+00	2.025154e-15	6.802700e-17	1.415700e-02     1
1.216810e+00	2.244766e-15	1.118600e-16	1.415700e-02     0
1.221100e+00	2.549992e-15	4.936800e-17	1.419000e-02     0
1.225400e+00	2.835601e-15	9.849900e-17	1.415700e-02     1
1.229690e+00	3.239891e-15	1.250450e-16	1.419000e-02     0
1.233990e+00	3.519079e-15	9.523000e-17	1.422300e-02     0
1.238300e+00	3.625925e-15	4.513600e-17	1.419000e-02     1
1.242600e+00	3.985094e-15	6.766200e-17	1.422300e-02     0
1.246910e+00	4.331407e-15	1.657430e-16	1.422300e-02     0
1.251220e+00	4.482017e-15	7.267200e-17	1.422300e-02     1
1.255530e+00	4.849761e-15	7.861300e-17	1.422300e-02     0
1.259840e+00	5.118844e-15	1.222590e-16	1.425600e-02     0
1.264160e+00	5.387635e-15	1.103570e-16	1.422300e-02     1
1.268470e+00	5.333877e-15	1.141500e-16	1.425600e-02     0
1.272790e+00	5.328335e-15	1.682240e-16	1.422300e-02     0
1.277100e+00	5.329599e-15	9.988900e-17	1.425600e-02     1
1.281420e+00	4.612282e-15	5.788300e-17	1.425600e-02     0
1.285740e+00	4.532849e-15	1.263780e-16	1.425600e-02     0
1.290060e+00	4.159969e-15	1.472640e-16	1.422300e-02     1
1.294370e+00	3.904102e-15	6.288400e-17	1.425600e-02     0
1.298690e+00	3.605831e-15	1.316940e-16	1.425600e-02     0
1.303010e+00	3.104883e-15	1.508250e-16	1.425600e-02     1
1.307330e+00	2.810593e-15	8.783800e-17	1.425600e-02     0
1.311650e+00	2.511720e-15	6.288400e-17	1.422300e-02     0
1.315960e+00	2.330172e-15	3.949500e-17	1.425600e-02     1
1.320280e+00	2.006956e-15	1.077830e-16	1.422300e-02     0
1.324590e+00	1.507126e-15	6.418700e-17	1.425600e-02     0
1.328910e+00	1.087754e-15	5.345300e-17	1.422300e-02     1
1.333220e+00	6.401700e-16	5.171900e-17	1.422300e-02     0
1.337530e+00	2.374680e-16	1.374400e-17	1.422300e-02     0
1.341840e+00	9.925900e-17	3.878600e-17	1.422300e-02     1
1.346150e+00	9.323200e-17	1.202600e-17	2.841300e-02     0
1.354760e+00	3.559400e-17	7.966000e-18	2.838000e-02     0
1.363360e+00	3.038900e-17	8.419900e-17	1.419000e-02     1
1.367660e+00	2.309200e-17	5.176400e-17	1.415700e-02     0
1.371950e+00	8.688300e-17	8.020500e-17	4.250400e-02     0
1.384830e+00	3.393700e-17	6.942400e-17	2.824800e-02     1
1.393390e+00	6.130100e-17	7.393900e-17	1.412400e-02     0
1.397670e+00	1.358800e-17	5.734300e-17	4.230600e-02     0
1.410490e+00	2.581700e-17	6.116300e-17	5.619900e-02     1
1.427520e+00	2.662900e-17	2.539800e-17	1.402500e-02     0
1.431770e+00	1.464300e-17	2.832900e-17	1.402500e-02     0
1.436020e+00	8.177800e-17	3.211100e-17	2.798400e-02     1
1.444500e+00	1.456820e-16	2.556200e-17	1.395900e-02     0
1.448730e+00	1.865690e-16	2.999100e-17	1.395900e-02     0
1.452960e+00	1.660890e-16	3.124000e-17	1.392600e-02     1
1.457180e+00	2.702290e-16	2.432200e-17	1.392600e-02     0
1.461400e+00	2.258740e-16	1.069040e-16	1.392600e-02     0
1.465620e+00	2.062370e-16	6.502900e-17	1.389300e-02     1
1.469830e+00	2.502510e-16	6.516900e-17	1.386000e-02     0
1.474030e+00	2.099330e-16	7.572500e-17	1.386000e-02     0
1.478230e+00	1.882100e-16	4.706800e-17	1.386000e-02     1
1.482430e+00	3.381340e-16	1.449100e-17	1.382700e-02     0
1.486620e+00	2.390410e-16	1.075140e-16	1.379400e-02     0
1.490800e+00	3.014920e-16	5.827600e-17	1.379400e-02     1
1.494980e+00	3.126040e-16	4.769400e-17	1.379400e-02     0
1.499160e+00	4.297970e-16	6.935600e-17	1.376100e-02     0
1.503330e+00	5.804720e-16	2.596500e-17	1.372800e-02     1
1.507490e+00	4.979200e-16	1.074670e-16	1.372800e-02     0
1.511650e+00	6.239110e-16	9.162300e-17	1.369500e-02     0
1.515800e+00	6.956050e-16	4.248700e-17	1.369500e-02     1
1.519950e+00	6.181420e-16	1.110050e-16	1.366200e-02     0
1.524090e+00	8.035300e-16	7.857900e-17	1.366200e-02     0
1.528230e+00	1.026272e-15	4.661000e-17	1.362900e-02     1
1.532360e+00	1.047211e-15	6.687900e-17	1.359600e-02     0
1.536480e+00	1.137604e-15	7.917900e-17	1.359600e-02     0
1.540600e+00	1.400110e-15	9.991200e-17	1.356300e-02     1
1.544710e+00	1.550838e-15	6.706100e-17	1.356300e-02     0
1.548820e+00	1.510825e-15	1.342630e-16	1.353000e-02     0
1.552920e+00	1.659107e-15	1.266040e-16	1.353000e-02     1
1.557020e+00	1.750710e-15	5.927400e-17	1.349700e-02     0
1.561110e+00	1.890472e-15	1.435270e-16	1.346400e-02     0
1.565190e+00	1.982435e-15	1.027700e-16	1.343100e-02     1
1.569260e+00	2.318321e-15	5.866100e-17	1.346400e-02     0
1.573340e+00	2.382802e-15	6.535600e-17	1.339800e-02     0
1.577400e+00	2.421872e-15	1.175340e-16	1.339800e-02     1
1.581460e+00	2.497527e-15	6.895000e-17	1.336500e-02     0
1.585510e+00	2.532965e-15	1.139110e-16	1.333200e-02     0
1.589550e+00	2.417760e-15	1.053570e-16	1.333200e-02     1
1.593590e+00	2.294757e-15	1.482060e-16	1.333200e-02     0
1.597630e+00	2.024838e-15	1.034960e-16	1.326600e-02     0
1.601650e+00	1.742136e-15	1.211200e-16	1.326600e-02     1
1.605670e+00	1.475693e-15	3.240200e-17	1.326600e-02     0
1.609690e+00	9.526140e-16	9.992100e-17	1.320000e-02     0
1.613690e+00	8.283430e-16	1.153230e-16	1.323300e-02     1
1.617700e+00	5.275110e-16	2.033800e-17	1.316700e-02     0
1.621690e+00	4.798120e-16	3.537500e-17	1.316700e-02     0
1.625680e+00	4.580800e-16	5.290400e-17	1.313400e-02     1
1.629660e+00	4.082420e-16	1.274970e-16	1.310100e-02     0
1.633630e+00	2.904470e-16	4.515000e-18	1.310100e-02     0
1.637600e+00	2.527740e-16	3.178000e-17	1.306800e-02     1
1.641560e+00	3.917680e-16	2.395700e-17	1.306800e-02     0
1.645520e+00	2.194960e-16	8.438400e-17	1.303500e-02     0
1.649470e+00	3.197180e-16	4.055000e-17	1.300200e-02     1
1.653410e+00	4.779410e-16	5.222300e-17	1.300200e-02     0
1.657350e+00	4.135410e-16	1.752600e-17	1.293600e-02     0
1.661270e+00	4.508130e-16	4.630600e-17	1.296900e-02     1
1.665200e+00	3.188490e-16	5.666200e-17	1.290300e-02     0
1.669110e+00	2.578660e-16	1.769000e-17	1.290300e-02     0
1.673020e+00	9.768100e-17	7.050900e-17	1.287000e-02     1
1.676920e+00	2.391820e-16	2.768500e-17	1.287000e-02     0
1.680820e+00	3.238870e-16	6.423200e-17	1.283700e-02     0
1.684710e+00	3.151210e-16	2.703500e-17	1.280400e-02     1
1.688590e+00	3.796410e-16	3.699700e-17	1.280400e-02     0
1.692470e+00	3.816640e-16	5.675200e-17	1.277100e-02     0
1.696340e+00	3.693440e-16	1.021880e-16	1.273800e-02     1
1.700200e+00	3.066380e-16	1.936300e-17	1.273800e-02     0
1.704060e+00	1.824520e-16	9.450800e-17	1.270500e-02     0
1.707910e+00	2.645760e-16	1.457100e-17	1.267200e-02     1
1.711750e+00	2.265070e-16	1.895000e-17	1.267200e-02     0
1.715590e+00	2.916710e-16	7.519500e-17	1.263900e-02     0
1.719420e+00	3.946640e-16	4.035900e-17	1.263900e-02     1
1.723250e+00	3.033600e-16	5.254100e-17	1.260600e-02     0
1.727070e+00	3.363920e-16	3.977100e-17	1.257300e-02     0
1.730880e+00	3.030400e-16	5.361400e-17	1.254000e-02     1
1.734680e+00	2.788510e-16	3.368100e-17	1.254000e-02     0
1.738480e+00	1.974040e-16	4.882300e-17	1.250700e-02     0
1.742270e+00	1.062830e-16	4.120700e-17	1.250700e-02     1
1.746060e+00	2.292680e-16	1.810700e-17	1.247400e-02     0
1.749840e+00	3.023620e-16	4.424000e-17	1.244100e-02     0
1.753610e+00	2.974920e-16	4.739900e-17	1.244100e-02     1
1.757380e+00	2.079600e-16	5.342700e-17	1.240800e-02     0
1.761140e+00	1.757640e-16	1.075150e-16	1.237500e-02     0
1.764890e+00	1.789190e-16	6.016600e-17	1.237500e-02     1
1.768640e+00	2.877000e-16	2.510600e-17	1.234200e-02     0
1.772380e+00	1.362160e-16	3.892000e-17	1.234200e-02     0
1.776120e+00	8.990200e-17	4.846800e-17	1.230900e-02     1
1.779850e+00	1.048710e-16	6.725100e-17	1.227600e-02     0
1.783570e+00	9.218200e-17	3.878100e-17	1.227600e-02     0
1.787290e+00	1.655410e-16	7.523100e-17	1.224300e-02     1
1.791000e+00	9.221000e-17	2.729600e-17	1.221000e-02     0
1.794700e+00	1.180650e-16	2.631700e-17	1.221000e-02     0
1.798400e+00	1.605280e-16	8.887000e-18	1.217700e-02     1
1.802090e+00	9.190800e-17	7.922800e-17	1.217700e-02     0
1.805780e+00	1.217450e-16	9.511300e-17	1.214400e-02     0
1.809460e+00	5.206900e-17	6.347700e-17	1.214400e-02     1
1.813140e+00	4.598600e-17	1.102800e-17	1.207800e-02     0
1.816800e+00	8.560300e-17	4.279600e-17	1.211100e-02     0
1.820470e+00	1.306700e-16	5.925300e-17	1.204500e-02     1
1.824120e+00	1.846110e-16	7.437600e-17	1.204500e-02     0
1.827770e+00	7.712600e-17	3.020800e-17	1.204500e-02     0
1.831420e+00	1.285250e-16	6.644000e-17	1.201200e-02     1
1.835060e+00	1.485240e-16	1.022500e-16	1.197900e-02     0
1.838690e+00	9.428900e-17	4.769900e-17	1.197900e-02     0
1.842320e+00	1.081680e-16	6.996900e-17	1.194600e-02     1
1.845940e+00	1.829350e-16	1.850100e-16	1.194600e-02     0
1.849560e+00	7.581300e-17	1.078230e-16	2.379300e-02     0
1.856770e+00	1.185230e-16	8.913400e-17	1.188000e-02     1
1.860370e+00	1.501870e-16	7.076400e-17	2.369400e-02     0
1.867550e+00	1.977000e-17	1.845500e-17	1.184700e-02     0
1.871140e+00	1.972780e-16	2.323780e-16	1.178100e-02     1
1.874710e+00	6.602000e-18	2.048520e-16	2.356200e-02     0
1.881850e+00	3.680000e-17	3.141200e-17	1.174800e-02     0
1.885410e+00	1.111270e-16	2.373500e-17	1.174800e-02     1
1.888970e+00	1.841450e-16	8.018800e-17	1.171500e-02     0
1.892520e+00	1.498470e-16	4.012400e-17	1.168200e-02     0
1.896060e+00	9.683900e-17	4.207500e-17	1.168200e-02     1
1.899600e+00	2.538200e-16	3.060500e-17	1.168200e-02     0
1.903140e+00	9.682800e-17	3.097500e-17	1.164900e-02     0
1.906670e+00	1.257310e-16	6.194600e-17	1.161600e-02     1
1.910190e+00	1.761990e-16	7.310000e-17	1.161600e-02     0
1.913710e+00	2.202980e-16	3.402600e-17	1.158300e-02     0
1.917220e+00	1.957930e-16	2.910900e-17	1.158300e-02     1
1.920730e+00	2.541740e-16	4.116700e-17	1.155000e-02     0
1.924230e+00	2.011030e-16	9.959100e-17	1.155000e-02     0
1.927730e+00	2.039880e-16	2.933600e-17	1.151700e-02     1
1.931220e+00	4.421200e-17	7.718200e-17	1.151700e-02     0
1.934710e+00	1.244620e-16	1.945700e-17	1.148400e-02     0
1.938190e+00	1.126450e-16	4.540300e-17	1.148400e-02     1
1.941670e+00	7.782100e-17	1.035500e-17	1.145100e-02     0
1.945140e+00	1.279040e-16	1.832800e-17	1.145100e-02     0
1.948610e+00	4.326300e-17	6.338700e-17	1.141800e-02     1
1.952070e+00	9.085700e-17	4.839300e-17	1.141800e-02     0
1.955530e+00	4.676600e-17	2.520200e-17	1.138500e-02     0
1.958980e+00	1.241260e-16	6.561700e-17	1.138500e-02     1
1.962430e+00	1.408390e-16	3.612900e-17	1.135200e-02     0
1.965870e+00	2.409600e-17	3.189600e-17	1.135200e-02     0
1.969310e+00	1.175270e-16	7.232000e-18	1.135200e-02     1
1.972750e+00	1.841670e-16	3.395600e-17	1.131900e-02     0
1.976180e+00	1.659420e-16	2.498100e-17	1.128600e-02     0
1.979600e+00	1.956470e-16	3.005200e-17	1.128600e-02     1
1.983020e+00	1.786730e-16	2.514400e-17	1.125300e-02     0
1.986430e+00	2.193210e-16	1.969100e-17	1.125300e-02     0
1.989840e+00	1.779900e-16	1.528200e-17	1.125300e-02     1
1.993250e+00	2.513240e-16	1.165500e-17	1.122000e-02     0
1.996650e+00	1.995830e-16	4.408600e-17	1.118700e-02     0
2.000040e+00	3.300620e-16	1.387320e-16	1.118700e-02     1
2.003430e+00	1.320410e-16	2.369300e-17	1.118700e-02     0
2.006820e+00	1.954130e-16	3.432200e-17	1.115400e-02     0
2.010200e+00	3.215870e-16	4.295900e-17	1.115400e-02     1
2.013580e+00	3.292010e-16	4.287900e-17	1.112100e-02     0
2.016950e+00	3.298950e-16	3.516400e-17	1.112100e-02     0
2.020320e+00	3.233210e-16	6.982500e-17	1.108800e-02     1
2.023680e+00	4.270930e-16	5.012500e-17	1.108800e-02     0
2.027040e+00	3.359050e-16	2.554500e-17	1.105500e-02     0
2.030390e+00	3.932000e-16	2.938100e-17	1.105500e-02     1
2.033740e+00	4.384340e-16	1.902100e-17	1.105500e-02     0
2.037090e+00	3.768880e-16	6.368700e-17	1.102200e-02     0
2.040430e+00	4.051360e-16	3.915700e-17	1.102200e-02     1
2.043770e+00	5.179120e-16	6.122600e-17	1.098900e-02     0
2.047100e+00	4.517390e-16	2.334500e-17	1.095600e-02     0
2.050420e+00	5.000200e-16	5.310300e-17	1.098900e-02     1
2.053750e+00	4.358480e-16	3.936800e-17	1.092300e-02     0
2.057060e+00	5.771620e-16	2.524400e-17	1.095600e-02     0
2.060380e+00	4.506610e-16	1.608200e-17	1.089000e-02     1
2.063680e+00	6.060440e-16	1.428000e-17	1.092300e-02     0
2.066990e+00	5.979560e-16	2.900800e-17	1.089000e-02     0
2.070290e+00	5.709070e-16	3.723200e-17	1.085700e-02     1
2.073580e+00	6.557920e-16	2.239500e-17	1.085700e-02     0
2.076870e+00	5.719420e-16	2.831900e-17	1.085700e-02     0
2.080160e+00	5.864310e-16	5.720500e-17	1.082400e-02     1
2.083440e+00	5.451600e-16	4.197700e-17	1.082400e-02     0
2.086720e+00	5.660020e-16	2.422800e-17	1.079100e-02     0
2.089990e+00	5.847790e-16	3.141300e-17	1.079100e-02     1
2.093260e+00	5.433710e-16	3.781400e-17	1.075800e-02     0
2.096520e+00	6.089020e-16	1.147200e-17	1.075800e-02     0
2.099780e+00	5.236810e-16	1.759400e-17	1.075800e-02     1
2.103040e+00	5.409020e-16	3.130600e-17	1.072500e-02     0
2.106290e+00	5.809340e-16	3.424300e-17	1.069200e-02     0
2.109530e+00	5.413880e-16	4.164500e-17	1.069200e-02     1
2.112770e+00	5.161810e-16	4.511600e-17	1.069200e-02     0
2.116010e+00	4.712470e-16	4.169300e-17	1.065900e-02     0
2.119240e+00	4.477520e-16	2.255000e-17	1.065900e-02     1
2.122470e+00	4.170350e-16	4.832900e-17	1.062600e-02     0
2.125690e+00	4.454810e-16	3.080500e-17	1.062600e-02     0
2.128910e+00	4.394340e-16	2.134400e-17	1.059300e-02     1
2.132120e+00	4.541910e-16	2.507300e-17	1.059300e-02     0
2.135330e+00	4.027110e-16	3.700400e-17	1.056000e-02     0
2.138530e+00	4.215240e-16	2.317000e-17	1.056000e-02     1
2.141730e+00	4.027010e-16	1.832600e-17	1.056000e-02     0
2.144930e+00	3.678140e-16	3.162000e-17	1.052700e-02     0
2.148120e+00	3.325920e-16	5.177900e-17	1.049400e-02     1
2.151300e+00	3.213770e-16	3.642800e-17	1.049400e-02     0
2.154480e+00	2.618830e-16	3.389500e-17	1.049400e-02     0
2.157660e+00	2.886590e-16	5.493000e-18	1.046100e-02     1
2.160830e+00	2.532080e-16	2.619400e-17	1.046100e-02     0
2.164000e+00	2.834680e-16	2.052200e-17	1.042800e-02     0
2.167160e+00	2.592730e-16	2.412400e-17	1.039500e-02     1
2.170310e+00	2.832870e-16	2.340800e-17	1.042800e-02     0
2.173470e+00	2.313950e-16	1.338300e-17	1.036200e-02     0
2.176610e+00	1.580140e-16	2.060700e-17	1.039500e-02     1
2.179760e+00	2.130630e-16	2.280200e-17	1.032900e-02     0
2.182890e+00	2.031590e-16	7.163200e-17	1.036200e-02     0
2.186030e+00	1.887250e-16	5.150800e-17	1.029600e-02     1
2.189150e+00	1.877130e-16	3.536900e-17	1.032900e-02     0
2.192280e+00	1.045190e-16	4.163800e-17	1.029600e-02     0
2.195400e+00	9.137100e-17	2.281600e-17	1.026300e-02     1
2.198510e+00	1.025090e-16	3.401500e-17	1.026300e-02     0
2.201620e+00	3.445700e-17	1.231300e-17	3.065700e-02     0
2.210910e+00	7.404800e-17	1.911300e-17	1.019700e-02     1
2.214000e+00	9.154000e-17	1.194500e-16	1.019700e-02     0
2.217090e+00	7.728800e-17	2.824200e-17	1.016400e-02     0
2.220170e+00	8.731300e-17	4.699100e-17	1.013100e-02     1
2.223240e+00	7.309500e-17	2.299300e-17	1.013100e-02     0
2.226310e+00	6.888200e-17	3.285500e-17	1.009800e-02     0
2.229370e+00	4.851700e-17	9.613900e-17	1.009800e-02     1
2.232430e+00	6.783700e-17	2.582300e-17	1.006500e-02     0
2.235480e+00	7.233100e-17	7.792000e-18	1.006500e-02     0
2.238530e+00	5.755700e-17	2.997700e-17	1.006500e-02     1
2.241580e+00	2.490100e-17	1.274100e-17	9.999000e-03     0
2.244610e+00	2.000000e-17	1.405400e-17	1.003200e-02     0
2.247650e+00	4.701300e-17	3.446000e-17	9.999000e-03     1
2.250680e+00	4.490200e-17	5.087900e-17	2.986500e-02     0
2.259730e+00	4.986200e-17	1.447300e-17	9.933000e-03     0
2.262740e+00	6.084000e-18	9.356000e-18	1.980000e-02     1
2.268740e+00	3.091300e-17	2.978500e-17	9.867000e-03     0
2.271730e+00	4.641700e-17	3.709200e-17	9.834000e-03     0
2.274710e+00	3.875700e-17	2.901200e-17	1.966800e-02     1
2.280670e+00	3.445300e-17	1.867400e-17	9.801000e-03     0
2.283640e+00	6.450700e-17	2.733000e-17	9.801000e-03     0
2.286610e+00	2.539500e-17	3.574700e-17	1.950300e-02     1
2.292520e+00	6.643400e-17	8.347000e-18	1.947000e-02     0
2.298420e+00	1.370700e-17	1.228900e-17	9.702000e-03     0
2.301360e+00	1.328100e-17	2.275200e-17	9.669000e-03     1
2.304290e+00	2.971100e-17	4.762700e-17	9.669000e-03     0
2.307220e+00	7.427100e-17	1.273000e-17	9.669000e-03     0
2.310150e+00	1.316900e-17	5.209200e-17	1.923900e-02     1
2.315980e+00	1.321900e-17	6.707700e-17	9.603000e-03     0
2.318890e+00	2.916000e-17	8.150700e-17	9.570000e-03     0
2.321790e+00	7.683100e-17	6.423200e-17	9.570000e-03     1
2.324690e+00	2.390500e-17	2.070400e-17	1.910700e-02     0
2.330480e+00	3.961700e-17	5.063700e-17	9.504000e-03     0
2.333360e+00	3.988700e-17	3.759500e-17	3.791700e-02     1
2.344850e+00	3.834100e-17	1.714100e-17	9.438000e-03     0
2.347710e+00	7.916500e-17	7.279500e-17	9.405000e-03     0
2.350560e+00	1.592500e-17	3.134700e-17	9.405000e-03     1
2.353410e+00	6.886000e-18	3.442500e-17	9.405000e-03     0
2.356260e+00	3.558900e-17	3.846100e-17	9.372000e-03     0
2.359100e+00	4.925400e-17	6.034300e-17	9.372000e-03     1
2.361940e+00	4.313100e-17	1.649800e-17	9.339000e-03     0
2.364770e+00	4.526500e-17	3.767200e-17	1.864500e-02     0
2.370420e+00	3.171200e-17	1.700800e-17	1.857900e-02     1
2.376050e+00	5.006300e-17	5.590000e-17	9.273000e-03     0
2.378860e+00	3.879400e-17	1.802600e-17	2.775300e-02     0
2.387270e+00	1.250000e-19	9.630000e-17	2.762100e-02     1
2.395640e+00	8.306000e-17	3.382400e-17	9.207000e-03     0
2.398430e+00	7.255600e-17	5.890900e-17	9.174000e-03     0
2.401210e+00	2.721400e-17	2.703800e-17	9.174000e-03     1
2.403990e+00	3.636900e-17	3.398500e-17	9.141000e-03     0
2.406760e+00	6.742000e-17	4.305400e-17	3.653100e-02     0
2.417830e+00	3.610300e-17	1.375900e-17	9.108000e-03     1
2.420590e+00	6.859700e-17	5.372500e-17	9.108000e-03     0
2.423350e+00	6.638200e-17	7.754900e-17	9.075000e-03     0
2.426100e+00	1.105290e-16	5.019500e-17	9.108000e-03     1
2.428860e+00	4.008900e-17	3.518300e-17	9.075000e-03     0
2.431610e+00	9.269200e-17	7.268100e-17	2.719200e-02     0
2.439850e+00	1.199300e-16	7.649600e-17	9.075000e-03     1
2.442600e+00	2.110000e-18	8.714200e-17	1.811700e-02     0
2.448090e+00	1.068410e-16	7.383800e-17	1.811700e-02     0
