# Average Spectral response curve for IRAC 5.8 micron array

#Detector Type
Photon counter

# Wave (microns)     Filter Response
4.744210        0.000088
4.748560        0.000090
4.752910        0.000086
4.757270        0.000077
4.761640        0.000064
4.766010        0.000062
4.770400        0.000073
4.774790        0.000071
4.779190        0.000067
4.783600        0.000074
4.788020        0.000072
4.792440        0.000059
4.796880        0.000058
4.801320        0.000063
4.805770        0.000063
4.810230        0.000059
4.814690        0.000060
4.819170        0.000069
4.823650        0.000077
4.828140        0.000080
4.832640        0.000076
4.837150        0.000085
4.841660        0.000114
4.846190        0.000162
4.850720        0.000226
4.855270        0.000296
4.859820        0.000392
4.864370        0.000538
4.868940        0.000738
4.873520        0.000971
4.878100        0.001220
4.882700        0.001527
4.887300        0.001912
4.891910        0.002404
4.896530        0.003061
4.901160        0.003917
4.905790        0.004992
4.910440        0.006249
4.915090        0.007588
4.919760        0.008965
4.924430        0.010394
4.929110        0.011931
4.933800        0.013706
4.938500        0.015835
4.943210        0.018362
4.947920        0.021236
4.952650        0.024291
4.957380        0.027379
4.962130        0.030406
4.966880        0.033358
4.971640        0.036332
4.976410        0.039470
4.981190        0.042811
4.985980        0.046296
4.990780        0.049828
4.995590        0.053283
5.000410        0.056621
5.005230        0.059847
5.010070        0.062855
5.014920        0.065640
5.019770        0.068231
5.024630        0.070583
5.029510        0.072683
5.034390        0.074629
5.039280        0.076501
5.044190        0.078321
5.049100        0.080029
5.054020        0.081595
5.058950        0.083068
5.063890        0.084522
5.068840        0.085967
5.073800        0.087496
5.078770        0.089136
5.083750        0.090838
5.088740        0.092568
5.093740        0.094272
5.098740        0.095864
5.103760        0.097313
5.108790        0.098667
5.113830        0.099893
5.118880        0.100940
5.123940        0.101793
5.129000        0.102436
5.134080        0.102968
5.139170        0.103399
5.144270        0.103677
5.149380        0.103881
5.154500        0.104050
5.159630        0.104220
5.164760        0.104401
5.169910        0.104597
5.175070        0.104904
5.180240        0.105323
5.185420        0.105852
5.190610        0.106471
5.195810        0.107171
5.201030        0.107962
5.206250        0.108751
5.211480        0.109489
5.216720        0.110246
5.221980        0.110933
5.227240        0.111431
5.232520        0.111786
5.237800        0.112015
5.243100        0.112075
5.248400        0.112005
5.253720        0.111834
5.259050        0.111550
5.264390        0.111230
5.269740        0.110924
5.275100        0.110662
5.280470        0.110526
5.285850        0.110487
5.291250        0.110605
5.296650        0.110918
5.302070        0.111340
5.307500        0.111916
5.312930        0.112677
5.318380        0.113553
5.323840        0.114535
5.329310        0.115591
5.334800        0.116638
5.340290        0.117636
5.345800        0.118626
5.351310        0.119513
5.356840        0.120294
5.362380        0.121049
5.367930        0.121676
5.373500        0.122130
5.379070        0.122445
5.384660        0.122661
5.390250        0.122760
5.395860        0.122714
5.401480        0.122643
5.407110        0.122582
5.412760        0.122459
5.418420        0.122332
5.424080        0.122234
5.429760        0.122120
5.435450        0.122023
5.441160        0.122004
5.446870        0.122047
5.452600        0.122070
5.458340        0.122092
5.464090        0.122156
5.469860        0.122171
5.475630        0.122146
5.481420        0.122175
5.487220        0.122200
5.493030        0.122222
5.498860        0.122296
5.504700        0.122407
5.510550        0.122559
5.516410        0.122844
5.522280        0.123288
5.528170        0.123827
5.534070        0.124459
5.539980        0.125192
5.545910        0.126019
5.551840        0.126827
5.557800        0.127524
5.563760        0.128143
5.569730        0.128651
5.575720        0.129029
5.581730        0.129233
5.587740        0.129271
5.593770        0.129288
5.599810        0.129327
5.605860        0.129376
5.611930        0.129430
5.618010        0.129614
5.624100        0.130023
5.630210        0.130522
5.636330        0.131111
5.642460        0.131782
5.648610        0.132390
5.654770        0.132976
5.660940        0.133485
5.667130        0.133831
5.673330        0.134150
5.679540        0.134377
5.685770        0.134497
5.692010        0.134653
5.698270        0.134783
5.704540        0.134968
5.710820        0.135245
5.717110        0.135552
5.723430        0.135968
5.729750        0.136395
5.736090        0.136686
5.742440        0.136867
5.748810        0.136949
5.755190        0.136924
5.761580        0.136781
5.767990        0.136507
5.774410        0.136170
5.780850        0.135819
5.787300        0.135506
5.793770        0.135374
5.800250        0.135467
5.806740        0.135769
5.813250        0.136285
5.819780        0.136902
5.826320        0.137552
5.832870        0.138173
5.839440        0.138649
5.846020        0.139002
5.852620        0.139305
5.859240        0.139529
5.865860        0.139597
5.872510        0.139632
5.879160        0.139697
5.885840        0.139744
5.892530        0.139946
5.899230        0.140203
5.905950        0.140370
5.912680        0.140681
5.919430        0.141049
5.926200        0.141327
5.932980        0.141600
5.939770        0.141767
5.946590        0.141896
5.953410        0.142019
5.960260        0.142060
5.967120        0.142084
5.973990        0.142064
5.980880        0.142021
5.987790        0.142008
5.994710        0.142000
6.001650        0.141981
6.008600        0.141898
6.015570        0.141794
6.022560        0.141745
6.029560        0.141731
6.036580        0.141765
6.043620        0.141869
6.050670        0.141904
6.057740        0.141813
6.064820        0.141786
6.071920        0.141727
6.079040        0.141491
6.086180        0.141141
6.093330        0.140711
6.100500        0.140152
6.107680        0.139444
6.114890        0.138687
6.122110        0.137976
6.129340        0.137352
6.136600        0.136731
6.143870        0.136120
6.151150        0.135674
6.158460        0.135353
6.165780        0.135039
6.173120        0.134697
6.180480        0.134329
6.187860        0.133848
6.195250        0.133245
6.202660        0.132606
6.210090        0.131839
6.217530        0.130862
6.225000        0.129778
6.232480        0.128733
6.239980        0.127758
6.247500        0.126876
6.255030        0.126059
6.262590        0.125359
6.270160        0.124944
6.277750        0.124726
6.285360        0.124660
6.292990        0.124742
6.300640        0.124612
6.308300        0.124058
6.315980        0.123037
6.323690        0.121530
6.331410        0.119581
6.339150        0.117334
6.346910        0.114724
6.354690        0.111521
6.362480        0.107490
6.370300        0.102651
6.378130        0.097371
6.385990        0.092028
6.393860        0.086562
6.401760        0.080673
6.409670        0.074092
6.417600        0.066824
6.425560        0.059229
6.433530        0.051487
6.441520        0.043699
6.449530        0.036158
6.457560        0.029079
6.465610        0.022679
6.473690        0.017055
6.481780        0.012332
6.489890        0.008507
6.498020        0.005457
6.506180        0.003247
6.514350        0.001854
6.522540        0.001024
6.530760        0.000526
6.539000        0.000273
6.547250        0.000130
6.555530        0.000057
6.563830        0.000042
6.572150        0.000028
6.580490        0.000007
6.588850        0.000012
6.597230        0.000026
6.605630        0.000030
6.614060        0.000047
6.622510        0.000062
