# Average Spectral response curve for HST WFC3 G141 grism

#Detector Type
Photon counter

# Wave (microns)     Filter Response
9.702660e-01	9.589693e-05
9.710000e-01	1.105955e-04
9.720000e-01	1.307548e-04
9.730000e-01	1.509732e-04
9.740000e-01	1.711046e-04
9.750000e-01	1.914223e-04
9.760000e-01	2.117972e-04
9.770000e-01	2.322288e-04
9.780000e-01	2.525004e-04
9.790000e-01	2.730249e-04
9.800000e-01	2.936033e-04
9.802688e-01	2.991006e-04
9.810000e-01	2.963509e-04
9.820000e-01	2.923307e-04
9.830000e-01	2.885523e-04
9.840000e-01	2.849091e-04
9.850000e-01	2.812512e-04
9.860000e-01	2.773410e-04
9.870000e-01	2.736567e-04
9.880000e-01	2.699575e-04
9.890000e-01	2.662436e-04
9.900000e-01	2.622908e-04
9.902715e-01	2.612766e-04
9.910000e-01	2.721221e-04
9.920000e-01	2.870351e-04
9.930000e-01	3.019780e-04
9.940000e-01	3.169500e-04
9.950000e-01	3.316668e-04
9.960000e-01	3.466813e-04
9.970000e-01	3.617226e-04
9.980000e-01	3.767898e-04
9.990000e-01	3.918810e-04
1.000000e+00	4.066469e-04
1.000274e+00	4.108533e-04
1.001000e+00	4.403884e-04
1.002000e+00	4.811799e-04
1.003000e+00	5.220898e-04
1.004000e+00	5.631170e-04
1.005000e+00	6.037411e-04
1.006000e+00	6.449613e-04
1.007000e+00	6.862935e-04
1.008000e+00	7.277359e-04
1.009000e+00	7.692869e-04
1.010000e+00	8.109457e-04
1.010277e+00	8.224966e-04
1.011000e+00	8.428174e-04
1.012000e+00	8.702259e-04
1.013000e+00	8.984221e-04
1.014000e+00	9.266820e-04
1.015000e+00	9.550045e-04
1.016000e+00	9.833913e-04
1.017000e+00	1.011839e-03
1.018000e+00	1.040345e-03
1.019000e+00	1.067997e-03
1.020000e+00	1.096600e-03
1.020280e+00	1.104628e-03
1.021000e+00	1.229804e-03
1.022000e+00	1.403951e-03
1.023000e+00	1.578546e-03
1.024000e+00	1.753585e-03
1.025000e+00	1.929061e-03
1.026000e+00	2.104974e-03
1.027000e+00	2.281315e-03
1.028000e+00	2.458082e-03
1.029000e+00	2.633008e-03
1.030000e+00	2.810461e-03
1.030282e+00	2.860634e-03
1.031000e+00	2.993061e-03
1.032000e+00	3.177945e-03
1.033000e+00	3.363248e-03
1.034000e+00	3.548970e-03
1.035000e+00	3.735113e-03
1.036000e+00	3.921667e-03
1.037000e+00	4.108630e-03
1.038000e+00	4.295995e-03
1.039000e+00	4.483771e-03
1.040000e+00	4.671945e-03
1.040285e+00	4.725687e-03
1.041000e+00	5.163834e-03
1.042000e+00	5.777816e-03
1.043000e+00	6.393211e-03
1.044000e+00	7.010017e-03
1.045000e+00	7.628227e-03
1.046000e+00	8.240727e-03
1.047000e+00	8.861181e-03
1.048000e+00	9.483022e-03
1.049000e+00	1.010623e-02
1.050000e+00	1.073082e-02
1.050288e+00	1.090822e-02
1.051000e+00	1.171854e-02
1.052000e+00	1.285675e-02
1.053000e+00	1.399566e-02
1.054000e+00	1.513528e-02
1.055000e+00	1.627555e-02
1.056000e+00	1.741652e-02
1.057000e+00	1.855817e-02
1.058000e+00	1.970047e-02
1.059000e+00	2.084344e-02
1.060000e+00	2.198709e-02
1.060290e+00	2.231889e-02
1.061000e+00	2.321581e-02
1.062000e+00	2.448031e-02
1.063000e+00	2.574537e-02
1.064000e+00	2.701101e-02
1.065000e+00	2.827720e-02
1.066000e+00	2.954396e-02
1.067000e+00	3.081131e-02
1.068000e+00	3.207923e-02
1.069000e+00	3.337643e-02
1.070000e+00	3.464666e-02
1.070293e+00	3.501903e-02
1.071000e+00	4.016455e-02
1.072000e+00	4.744611e-02
1.073000e+00	5.473115e-02
1.074000e+00	6.201966e-02
1.075000e+00	6.931168e-02
1.076000e+00	7.660736e-02
1.077000e+00	8.390675e-02
1.078000e+00	9.120979e-02
1.079000e+00	9.851678e-02
1.080000e+00	1.058277e-01
1.080296e+00	1.079925e-01
1.081000e+00	1.115006e-01
1.082000e+00	1.164853e-01
1.083000e+00	1.214735e-01
1.084000e+00	1.264650e-01
1.085000e+00	1.314604e-01
1.086000e+00	1.364595e-01
1.087000e+00	1.415842e-01
1.088000e+00	1.465956e-01
1.089000e+00	1.516109e-01
1.090000e+00	1.566306e-01
1.090299e+00	1.581305e-01
1.091000e+00	1.628118e-01
1.092000e+00	1.694913e-01
1.093000e+00	1.761767e-01
1.094000e+00	1.828682e-01
1.095000e+00	1.895657e-01
1.096000e+00	1.962694e-01
1.097000e+00	2.029797e-01
1.098000e+00	2.098770e-01
1.099000e+00	2.166070e-01
1.100000e+00	2.232984e-01
1.100301e+00	2.253232e-01
1.101000e+00	2.296670e-01
1.102000e+00	2.358871e-01
1.103000e+00	2.421113e-01
1.104000e+00	2.483396e-01
1.105000e+00	2.545719e-01
1.106000e+00	2.608083e-01
1.107000e+00	2.672779e-01
1.108000e+00	2.735277e-01
1.109000e+00	2.797816e-01
1.110000e+00	2.860396e-01
1.110304e+00	2.879428e-01
1.111000e+00	2.896134e-01
1.112000e+00	2.920150e-01
1.113000e+00	2.944181e-01
1.114000e+00	2.968228e-01
1.115000e+00	2.994857e-01
1.116000e+00	3.018955e-01
1.117000e+00	3.043068e-01
1.118000e+00	3.067197e-01
1.119000e+00	3.091341e-01
1.120000e+00	3.115501e-01
1.120307e+00	3.123785e-01
1.121000e+00	3.128711e-01
1.122000e+00	3.133142e-01
1.123000e+00	3.137577e-01
1.124000e+00	3.142014e-01
1.125000e+00	3.146453e-01
1.126000e+00	3.150896e-01
1.127000e+00	3.155341e-01
1.128000e+00	3.162495e-01
1.129000e+00	3.166949e-01
1.130000e+00	3.171407e-01
1.130309e+00	3.172786e-01
1.131000e+00	3.177536e-01
1.132000e+00	3.184416e-01
1.133000e+00	3.191302e-01
1.134000e+00	3.200927e-01
1.135000e+00	3.207827e-01
1.136000e+00	3.214732e-01
1.137000e+00	3.221642e-01
1.138000e+00	3.228556e-01
1.139000e+00	3.238241e-01
1.140000e+00	3.245170e-01
1.140312e+00	3.247407e-01
1.141000e+00	3.247681e-01
1.142000e+00	3.248079e-01
1.143000e+00	3.248477e-01
1.144000e+00	3.248874e-01
1.145000e+00	3.252046e-01
1.146000e+00	3.252442e-01
1.147000e+00	3.252838e-01
1.148000e+00	3.253233e-01
1.149000e+00	3.253628e-01
1.150000e+00	3.256799e-01
1.150315e+00	3.256869e-01
1.151000e+00	3.260827e-01
1.152000e+00	3.266608e-01
1.153000e+00	3.272392e-01
1.154000e+00	3.278180e-01
1.155000e+00	3.286772e-01
1.156000e+00	3.292574e-01
1.157000e+00	3.298379e-01
1.158000e+00	3.304187e-01
1.159000e+00	3.310000e-01
1.160000e+00	3.318641e-01
1.160317e+00	3.320496e-01
1.161000e+00	3.332812e-01
1.162000e+00	3.350867e-01
1.163000e+00	3.368936e-01
1.164000e+00	3.389901e-01
1.165000e+00	3.408013e-01
1.166000e+00	3.426139e-01
1.167000e+00	3.444278e-01
1.168000e+00	3.462432e-01
1.169000e+00	3.483559e-01
1.170000e+00	3.501755e-01
1.170320e+00	3.507587e-01
1.171000e+00	3.514117e-01
1.172000e+00	3.523730e-01
1.173000e+00	3.536352e-01
1.174000e+00	3.545987e-01
1.175000e+00	3.555630e-01
1.176000e+00	3.565279e-01
1.177000e+00	3.574935e-01
1.178000e+00	3.587641e-01
1.179000e+00	3.597319e-01
1.180000e+00	3.607005e-01
1.180323e+00	3.609975e-01
1.181000e+00	3.612379e-01
1.182000e+00	3.618998e-01
1.183000e+00	3.622555e-01
1.184000e+00	3.626114e-01
1.185000e+00	3.629673e-01
1.186000e+00	3.636314e-01
1.187000e+00	3.639880e-01
1.188000e+00	3.643447e-01
1.189000e+00	3.647016e-01
1.190000e+00	3.653677e-01
1.190326e+00	3.654842e-01
1.191000e+00	3.656537e-01
1.192000e+00	3.659052e-01
1.193000e+00	3.661568e-01
1.194000e+00	3.664085e-01
1.195000e+00	3.669705e-01
1.196000e+00	3.672226e-01
1.197000e+00	3.674748e-01
1.198000e+00	3.677271e-01
1.199000e+00	3.682905e-01
1.200000e+00	3.685432e-01
1.200328e+00	3.686411e-01
1.201000e+00	3.694960e-01
1.202000e+00	3.707698e-01
1.203000e+00	3.723587e-01
1.204000e+00	3.736353e-01
1.205000e+00	3.749129e-01
1.206000e+00	3.761914e-01
1.207000e+00	3.777894e-01
1.208000e+00	3.790708e-01
1.209000e+00	3.803531e-01
1.210000e+00	3.816363e-01
1.210331e+00	3.821680e-01
1.211000e+00	3.835763e-01
1.212000e+00	3.853605e-01
1.213000e+00	3.871461e-01
1.214000e+00	3.889329e-01
1.215000e+00	3.910501e-01
1.216000e+00	3.928410e-01
1.217000e+00	3.946333e-01
1.218000e+00	3.964268e-01
1.219000e+00	3.985569e-01
1.220000e+00	4.003545e-01
1.220334e+00	4.009426e-01
1.221000e+00	4.011758e-01
1.222000e+00	4.018638e-01
1.223000e+00	4.022144e-01
1.224000e+00	4.025653e-01
1.225000e+00	4.029163e-01
1.226000e+00	4.036063e-01
1.227000e+00	4.039579e-01
1.228000e+00	4.043097e-01
1.229000e+00	4.046616e-01
1.230000e+00	4.053538e-01
1.230337e+00	4.054724e-01
1.231000e+00	4.054849e-01
1.232000e+00	4.055038e-01
1.233000e+00	4.055225e-01
1.234000e+00	4.058815e-01
1.235000e+00	4.059002e-01
1.236000e+00	4.059189e-01
1.237000e+00	4.059375e-01
1.238000e+00	4.062964e-01
1.239000e+00	4.063150e-01
1.240000e+00	4.063336e-01
1.240339e+00	4.063564e-01
1.241000e+00	4.073262e-01
1.242000e+00	4.091373e-01
1.243000e+00	4.106083e-01
1.244000e+00	4.120804e-01
1.245000e+00	4.135537e-01
1.246000e+00	4.153754e-01
1.247000e+00	4.168521e-01
1.248000e+00	4.183300e-01
1.249000e+00	4.198089e-01
1.250000e+00	4.216413e-01
1.250342e+00	4.221156e-01
1.251000e+00	4.208134e-01
1.252000e+00	4.188336e-01
1.253000e+00	4.168531e-01
1.254000e+00	4.152183e-01
1.255000e+00	4.132345e-01
1.256000e+00	4.112499e-01
1.257000e+00	4.096062e-01
1.258000e+00	4.076184e-01
1.259000e+00	4.056297e-01
1.260000e+00	4.036403e-01
1.260345e+00	4.030643e-01
1.261000e+00	4.039494e-01
1.262000e+00	4.049643e-01
1.263000e+00	4.059795e-01
1.264000e+00	4.069949e-01
1.265000e+00	4.083505e-01
1.266000e+00	4.093672e-01
1.267000e+00	4.103842e-01
1.268000e+00	4.114015e-01
1.269000e+00	4.127624e-01
1.270000e+00	4.137809e-01
1.270347e+00	4.141348e-01
1.271000e+00	4.145385e-01
1.272000e+00	4.151573e-01
1.273000e+00	4.161220e-01
1.274000e+00	4.167415e-01
1.275000e+00	4.173611e-01
1.276000e+00	4.179809e-01
1.277000e+00	4.186008e-01
1.278000e+00	4.195693e-01
1.279000e+00	4.201900e-01
1.280000e+00	4.208108e-01
1.280350e+00	4.210038e-01
1.281000e+00	4.219022e-01
1.282000e+00	4.236360e-01
1.283000e+00	4.250194e-01
1.284000e+00	4.264026e-01
1.285000e+00	4.277857e-01
1.286000e+00	4.295249e-01
1.287000e+00	4.309090e-01
1.288000e+00	4.322930e-01
1.289000e+00	4.336768e-01
1.290000e+00	4.354214e-01
1.290353e+00	4.359100e-01
1.291000e+00	4.369756e-01
1.292000e+00	4.386219e-01
1.293000e+00	4.402682e-01
1.294000e+00	4.422804e-01
1.295000e+00	4.439278e-01
1.296000e+00	4.455750e-01
1.297000e+00	4.472222e-01
1.298000e+00	4.488693e-01
1.299000e+00	4.508892e-01
1.300000e+00	4.525374e-01
1.300356e+00	4.531783e-01
1.301000e+00	4.533640e-01
1.302000e+00	4.536522e-01
1.303000e+00	4.543161e-01
1.304000e+00	4.546049e-01
1.305000e+00	4.548937e-01
1.306000e+00	4.551828e-01
1.307000e+00	4.554719e-01
1.308000e+00	4.561378e-01
1.309000e+00	4.564274e-01
1.310000e+00	4.567172e-01
1.310358e+00	4.568210e-01
1.311000e+00	4.555103e-01
1.312000e+00	4.534666e-01
1.313000e+00	4.517944e-01
1.314000e+00	4.497463e-01
1.315000e+00	4.476969e-01
1.316000e+00	4.456462e-01
1.317000e+00	4.439601e-01
1.318000e+00	4.419049e-01
1.319000e+00	4.398484e-01
1.320000e+00	4.377905e-01
1.320361e+00	4.370144e-01
1.321000e+00	4.372289e-01
1.322000e+00	4.379255e-01
1.323000e+00	4.382617e-01
1.324000e+00	4.385980e-01
1.325000e+00	4.389343e-01
1.326000e+00	4.392707e-01
1.327000e+00	4.396072e-01
1.328000e+00	4.403061e-01
1.329000e+00	4.406430e-01
1.330000e+00	4.409799e-01
1.330364e+00	4.411025e-01
1.331000e+00	4.422548e-01
1.332000e+00	4.440659e-01
1.333000e+00	4.462444e-01
1.334000e+00	4.480578e-01
1.335000e+00	4.498715e-01
1.336000e+00	4.516857e-01
1.337000e+00	4.535002e-01
1.338000e+00	4.553152e-01
1.339000e+00	4.575064e-01
1.340000e+00	4.593236e-01
1.340366e+00	4.598979e-01
1.341000e+00	4.604977e-01
1.342000e+00	4.614436e-01
1.343000e+00	4.623884e-01
1.344000e+00	4.633323e-01
1.345000e+00	4.646567e-01
1.346000e+00	4.655994e-01
1.347000e+00	4.665410e-01
1.348000e+00	4.674817e-01
1.349000e+00	4.684213e-01
1.350000e+00	4.693600e-01
1.350369e+00	4.698259e-01
1.351000e+00	4.702777e-01
1.352000e+00	4.706079e-01
1.353000e+00	4.709375e-01
1.354000e+00	4.712664e-01
1.355000e+00	4.715948e-01
1.356000e+00	4.719225e-01
1.357000e+00	4.722496e-01
1.358000e+00	4.729638e-01
1.359000e+00	4.732899e-01
1.360000e+00	4.736154e-01
1.360372e+00	4.734039e-01
1.361000e+00	4.712244e-01
1.362000e+00	4.677648e-01
1.363000e+00	4.643178e-01
1.364000e+00	4.608832e-01
1.365000e+00	4.574612e-01
1.366000e+00	4.544239e-01
1.367000e+00	4.510241e-01
1.368000e+00	4.476368e-01
1.369000e+00	4.442620e-01
1.370000e+00	4.408996e-01
1.370375e+00	4.396432e-01
1.371000e+00	4.400309e-01
1.372000e+00	4.406448e-01
1.373000e+00	4.412513e-01
1.374000e+00	4.418505e-01
1.375000e+00	4.428046e-01
1.376000e+00	4.433896e-01
1.377000e+00	4.439672e-01
1.378000e+00	4.445375e-01
1.379000e+00	4.451005e-01
1.380000e+00	4.456562e-01
1.380377e+00	4.459614e-01
1.381000e+00	4.457169e-01
1.382000e+00	4.453235e-01
1.383000e+00	4.449292e-01
1.384000e+00	4.463023e-01
1.385000e+00	4.476780e-01
1.386000e+00	4.494239e-01
1.387000e+00	4.508060e-01
1.388000e+00	4.521908e-01
1.389000e+00	4.535782e-01
1.390000e+00	4.549683e-01
1.390380e+00	4.554972e-01
1.391000e+00	4.561501e-01
1.392000e+00	4.572042e-01
1.393000e+00	4.582596e-01
1.394000e+00	4.593162e-01
1.395000e+00	4.603742e-01
1.396000e+00	4.614334e-01
1.397000e+00	4.624939e-01
1.398000e+00	4.635558e-01
1.399000e+00	4.646189e-01
1.400000e+00	4.656833e-01
1.400383e+00	4.659165e-01
1.401000e+00	4.660876e-01
1.402000e+00	4.663646e-01
1.403000e+00	4.666414e-01
1.404000e+00	4.669180e-01
1.405000e+00	4.671943e-01
1.406000e+00	4.674704e-01
1.407000e+00	4.677463e-01
1.408000e+00	4.684046e-01
1.409000e+00	4.686802e-01
1.410000e+00	4.689557e-01
1.410386e+00	4.690618e-01
1.411000e+00	4.688605e-01
1.412000e+00	4.685317e-01
1.413000e+00	4.682016e-01
1.414000e+00	4.678700e-01
1.415000e+00	4.675369e-01
1.416000e+00	4.672025e-01
1.417000e+00	4.668666e-01
1.418000e+00	4.665293e-01
1.419000e+00	4.661906e-01
1.420000e+00	4.654699e-01
1.420388e+00	4.651734e-01
1.421000e+00	4.650815e-01
1.422000e+00	4.649312e-01
1.423000e+00	4.647809e-01
1.424000e+00	4.646305e-01
1.425000e+00	4.644801e-01
1.426000e+00	4.643296e-01
1.427000e+00	4.641790e-01
1.428000e+00	4.640283e-01
1.429000e+00	4.638775e-01
1.430000e+00	4.637267e-01
1.430391e+00	4.636678e-01
1.431000e+00	4.642175e-01
1.432000e+00	4.651201e-01
1.433000e+00	4.660227e-01
1.434000e+00	4.669255e-01
1.435000e+00	4.678283e-01
1.436000e+00	4.687312e-01
1.437000e+00	4.696342e-01
1.438000e+00	4.705373e-01
1.439000e+00	4.714404e-01
1.440000e+00	4.719574e-01
1.440394e+00	4.722773e-01
1.441000e+00	4.707917e-01
1.442000e+00	4.683424e-01
1.443000e+00	4.658937e-01
1.444000e+00	4.634455e-01
1.445000e+00	4.609978e-01
1.446000e+00	4.585507e-01
1.447000e+00	4.561042e-01
1.448000e+00	4.536582e-01
1.449000e+00	4.512127e-01
1.450000e+00	4.487679e-01
1.450396e+00	4.477369e-01
1.451000e+00	4.487837e-01
1.452000e+00	4.508853e-01
1.453000e+00	4.529883e-01
1.454000e+00	4.550927e-01
1.455000e+00	4.571984e-01
1.456000e+00	4.593055e-01
1.457000e+00	4.614140e-01
1.458000e+00	4.631443e-01
1.459000e+00	4.652538e-01
1.460000e+00	4.673647e-01
1.460399e+00	4.681868e-01
1.461000e+00	4.682540e-01
1.462000e+00	4.683657e-01
1.463000e+00	4.684775e-01
1.464000e+00	4.685893e-01
1.465000e+00	4.683168e-01
1.466000e+00	4.684285e-01
1.467000e+00	4.685401e-01
1.468000e+00	4.686518e-01
1.469000e+00	4.687634e-01
1.470000e+00	4.688751e-01
1.470402e+00	4.687654e-01
1.471000e+00	4.692097e-01
1.472000e+00	4.703375e-01
1.473000e+00	4.714657e-01
1.474000e+00	4.725944e-01
1.475000e+00	4.737236e-01
1.476000e+00	4.744633e-01
1.477000e+00	4.755925e-01
1.478000e+00	4.767222e-01
1.479000e+00	4.778524e-01
1.480000e+00	4.785894e-01
1.480404e+00	4.790270e-01
1.481000e+00	4.784326e-01
1.482000e+00	4.774344e-01
1.483000e+00	4.764358e-01
1.484000e+00	4.750459e-01
1.485000e+00	4.740476e-01
1.486000e+00	4.730489e-01
1.487000e+00	4.720499e-01
1.488000e+00	4.706629e-01
1.489000e+00	4.696641e-01
1.490000e+00	4.686650e-01
1.490407e+00	4.682581e-01
1.491000e+00	4.684143e-01
1.492000e+00	4.682918e-01
1.493000e+00	4.685552e-01
1.494000e+00	4.688186e-01
1.495000e+00	4.690820e-01
1.496000e+00	4.689585e-01
1.497000e+00	4.692218e-01
1.498000e+00	4.694851e-01
1.499000e+00	4.693609e-01
1.500000e+00	4.696241e-01
1.500410e+00	4.696397e-01
1.501000e+00	4.692234e-01
1.502000e+00	4.681314e-01
1.503000e+00	4.674272e-01
1.504000e+00	4.667234e-01
1.505000e+00	4.656349e-01
1.506000e+00	4.649326e-01
1.507000e+00	4.642306e-01
1.508000e+00	4.631456e-01
1.509000e+00	4.624451e-01
1.510000e+00	4.617449e-01
1.510413e+00	4.612986e-01
1.511000e+00	4.614553e-01
1.512000e+00	4.621038e-01
1.513000e+00	4.627517e-01
1.514000e+00	4.630152e-01
1.515000e+00	4.636615e-01
1.516000e+00	4.643073e-01
1.517000e+00	4.645671e-01
1.518000e+00	4.652113e-01
1.519000e+00	4.654684e-01
1.520000e+00	4.661110e-01
1.520415e+00	4.663618e-01
1.521000e+00	4.653388e-01
1.522000e+00	4.632048e-01
1.523000e+00	4.614586e-01
1.524000e+00	4.593318e-01
1.525000e+00	4.575899e-01
1.526000e+00	4.558494e-01
1.527000e+00	4.537324e-01
1.528000e+00	4.519961e-01
1.529000e+00	4.498864e-01
1.530000e+00	4.481543e-01
1.530418e+00	4.472747e-01
1.531000e+00	4.471752e-01
1.532000e+00	4.473768e-01
1.533000e+00	4.472049e-01
1.534000e+00	4.474058e-01
1.535000e+00	4.472328e-01
1.536000e+00	4.474330e-01
1.537000e+00	4.476329e-01
1.538000e+00	4.474584e-01
1.539000e+00	4.476576e-01
1.540000e+00	4.474821e-01
1.540421e+00	4.475753e-01
1.541000e+00	4.476131e-01
1.542000e+00	4.473035e-01
1.543000e+00	4.473683e-01
1.544000e+00	4.470583e-01
1.545000e+00	4.471229e-01
1.546000e+00	4.468124e-01
1.547000e+00	4.465017e-01
1.548000e+00	4.465658e-01
1.549000e+00	4.462547e-01
1.550000e+00	4.463184e-01
1.550424e+00	4.462372e-01
1.551000e+00	4.455131e-01
1.552000e+00	4.446323e-01
1.553000e+00	4.433784e-01
1.554000e+00	4.424987e-01
1.555000e+00	4.412475e-01
1.556000e+00	4.399979e-01
1.557000e+00	4.391203e-01
1.558000e+00	4.378733e-01
1.559000e+00	4.369967e-01
1.560000e+00	4.357523e-01
1.560426e+00	4.353694e-01
1.561000e+00	4.358200e-01
1.562000e+00	4.362363e-01
1.563000e+00	4.366511e-01
1.564000e+00	4.374343e-01
1.565000e+00	4.378465e-01
1.566000e+00	4.382571e-01
1.567000e+00	4.390382e-01
1.568000e+00	4.394462e-01
1.569000e+00	4.402261e-01
1.570000e+00	4.406316e-01
1.570429e+00	4.408051e-01
1.571000e+00	4.412615e-01
1.572000e+00	4.424349e-01
1.573000e+00	4.432309e-01
1.574000e+00	4.440245e-01
1.575000e+00	4.451946e-01
1.576000e+00	4.459845e-01
1.577000e+00	4.467719e-01
1.578000e+00	4.475570e-01
1.579000e+00	4.487225e-01
1.580000e+00	4.495037e-01
1.580432e+00	4.498480e-01
1.581000e+00	4.490034e-01
1.582000e+00	4.479016e-01
1.583000e+00	4.464182e-01
1.584000e+00	4.449369e-01
1.585000e+00	4.434578e-01
1.586000e+00	4.423599e-01
1.587000e+00	4.408841e-01
1.588000e+00	4.394104e-01
1.589000e+00	4.379390e-01
1.590000e+00	4.368449e-01
1.590434e+00	4.362069e-01
1.591000e+00	4.362316e-01
1.592000e+00	4.362747e-01
1.593000e+00	4.363171e-01
1.594000e+00	4.363585e-01
1.595000e+00	4.367756e-01
1.596000e+00	4.368158e-01
1.597000e+00	4.368551e-01
1.598000e+00	4.368935e-01
1.599000e+00	4.369311e-01
1.600000e+00	4.373462e-01
1.600437e+00	4.373698e-01
1.601000e+00	4.367123e-01
1.602000e+00	4.355453e-01
1.603000e+00	4.343797e-01
1.604000e+00	4.332156e-01
1.605000e+00	4.320531e-01
1.606000e+00	4.312666e-01
1.607000e+00	4.301063e-01
1.608000e+00	4.289475e-01
1.609000e+00	4.277901e-01
1.610000e+00	4.266341e-01
1.610440e+00	4.261262e-01
1.611000e+00	4.259689e-01
1.612000e+00	4.256878e-01
1.613000e+00	4.254065e-01
1.614000e+00	4.251250e-01
1.615000e+00	4.248433e-01
1.616000e+00	4.249335e-01
1.617000e+00	4.246515e-01
1.618000e+00	4.243693e-01
1.619000e+00	4.240869e-01
1.620000e+00	4.238043e-01
1.620443e+00	4.236447e-01
1.621000e+00	4.230349e-01
1.622000e+00	4.219422e-01
1.623000e+00	4.208510e-01
1.624000e+00	4.197615e-01
1.625000e+00	4.186736e-01
1.626000e+00	4.175873e-01
1.627000e+00	4.165026e-01
1.628000e+00	4.154195e-01
1.629000e+00	4.143380e-01
1.630000e+00	4.132582e-01
1.630445e+00	4.127778e-01
1.631000e+00	4.120537e-01
1.632000e+00	4.107499e-01
1.633000e+00	4.094483e-01
1.634000e+00	4.081487e-01
1.635000e+00	4.068514e-01
1.636000e+00	4.055561e-01
1.637000e+00	4.039023e-01
1.638000e+00	4.026121e-01
1.639000e+00	4.013240e-01
1.640000e+00	4.000381e-01
1.640448e+00	3.995681e-01
1.641000e+00	3.995901e-01
1.642000e+00	3.996295e-01
1.643000e+00	3.996683e-01
1.644000e+00	3.997066e-01
1.645000e+00	3.997442e-01
1.646000e+00	3.994215e-01
1.647000e+00	3.994576e-01
1.648000e+00	3.994931e-01
1.649000e+00	3.995281e-01
1.650000e+00	3.995624e-01
1.650451e+00	3.995777e-01
1.651000e+00	3.985717e-01
1.652000e+00	3.967411e-01
1.653000e+00	3.945541e-01
1.654000e+00	3.927280e-01
1.655000e+00	3.909037e-01
1.656000e+00	3.890809e-01
1.657000e+00	3.872598e-01
1.658000e+00	3.850889e-01
1.659000e+00	3.832724e-01
1.660000e+00	3.814574e-01
1.660453e+00	3.801989e-01
1.661000e+00	3.751467e-01
1.662000e+00	3.656107e-01
1.663000e+00	3.564704e-01
1.664000e+00	3.473825e-01
1.665000e+00	3.383469e-01
1.666000e+00	3.290603e-01
1.667000e+00	3.201367e-01
1.668000e+00	3.112647e-01
1.669000e+00	3.021652e-01
1.670000e+00	2.934042e-01
1.670456e+00	2.894240e-01
1.671000e+00	2.839787e-01
1.672000e+00	2.737561e-01
1.673000e+00	2.638559e-01
1.674000e+00	2.540147e-01
1.675000e+00	2.440053e-01
1.676000e+00	2.342908e-01
1.677000e+00	2.246348e-01
1.678000e+00	2.148365e-01
1.679000e+00	2.053059e-01
1.680000e+00	1.956499e-01
1.680459e+00	1.913294e-01
1.681000e+00	1.869058e-01
1.682000e+00	1.787672e-01
1.683000e+00	1.705171e-01
1.684000e+00	1.624836e-01
1.685000e+00	1.543531e-01
1.686000e+00	1.464242e-01
1.687000e+00	1.384126e-01
1.688000e+00	1.305876e-01
1.689000e+00	1.228107e-01
1.690000e+00	1.149727e-01
1.690462e+00	1.114251e-01
1.691000e+00	1.091484e-01
1.692000e+00	1.048401e-01
1.693000e+00	1.006610e-01
1.694000e+00	9.641533e-02
1.695000e+00	9.229093e-02
1.696000e+00	8.810743e-02
1.697000e+00	8.395679e-02
1.698000e+00	7.991568e-02
1.699000e+00	7.582667e-02
1.700000e+00	7.183941e-02
1.700464e+00	6.994076e-02
1.701000e+00	6.860503e-02
1.702000e+00	6.619296e-02
1.703000e+00	6.373703e-02
1.704000e+00	6.130337e-02
1.705000e+00	5.894912e-02
1.706000e+00	5.655751e-02
1.707000e+00	5.424073e-02
1.708000e+00	5.189089e-02
1.709000e+00	4.956290e-02
1.710000e+00	4.730296e-02
1.710467e+00	4.623240e-02
1.711000e+00	4.533675e-02
1.712000e+00	4.366820e-02
1.713000e+00	4.205639e-02
1.714000e+00	4.041702e-02
1.715000e+00	3.879292e-02
1.716000e+00	3.722081e-02
1.717000e+00	3.562556e-02
1.718000e+00	3.404541e-02
1.719000e+00	3.251259e-02
1.720000e+00	3.096098e-02
1.720470e+00	3.012222e-02
1.721000e+00	2.944002e-02
1.722000e+00	2.817241e-02
1.723000e+00	2.695696e-02
1.724000e+00	2.573844e-02
1.725000e+00	2.454484e-02
1.726000e+00	2.337604e-02
1.727000e+00	2.223188e-02
1.728000e+00	2.113355e-02
1.729000e+00	2.003719e-02
1.730000e+00	1.896508e-02
1.730470e+00	1.846959e-02
1.731000e+00	1.817031e-02
1.732000e+00	1.761317e-02
1.733000e+00	1.706576e-02
1.734000e+00	1.652803e-02
1.735000e+00	1.601630e-02
1.736000e+00	1.549726e-02
1.737000e+00	1.498774e-02
1.738000e+00	1.448769e-02
1.739000e+00	1.399705e-02
1.740000e+00	1.351576e-02
1.740480e+00	1.319788e-02
1.741000e+00	1.320295e-02
1.742000e+00	1.319432e-02
1.743000e+00	1.316164e-02
1.744000e+00	1.310509e-02
1.745000e+00	1.302486e-02
1.746000e+00	1.292111e-02
1.747000e+00	1.279402e-02
1.748000e+00	1.264376e-02
1.749000e+00	1.247052e-02
1.750000e+00	1.227446e-02
1.750480e+00	1.217228e-02
1.751000e+00	1.199641e-02
1.752000e+00	1.164856e-02
1.753000e+00	1.128816e-02
1.754000e+00	1.091533e-02
1.755000e+00	1.053015e-02
1.756000e+00	1.013275e-02
1.757000e+00	9.723216e-03
1.758000e+00	9.301658e-03
1.759000e+00	8.868178e-03
1.760000e+00	8.413804e-03
1.760480e+00	8.305552e-03
1.761000e+00	8.147507e-03
1.762000e+00	7.842903e-03
1.763000e+00	7.537489e-03
1.764000e+00	7.231279e-03
1.765000e+00	6.924289e-03
1.766000e+00	6.609303e-03
1.767000e+00	6.301122e-03
1.768000e+00	5.992209e-03
1.769000e+00	5.682580e-03
1.770000e+00	5.366321e-03
1.770480e+00	5.217254e-03
1.771000e+00	5.199266e-03
1.772000e+00	5.136942e-03
1.773000e+00	5.038370e-03
1.774000e+00	4.898361e-03
1.775000e+00	4.728306e-03
1.776000e+00	4.522880e-03
1.777000e+00	4.282361e-03
1.778000e+00	4.002513e-03
1.779000e+00	3.692980e-03
1.780000e+00	3.349226e-03
1.780490e+00	3.342354e-03
1.781000e+00	3.307681e-03
1.782000e+00	3.239566e-03
1.783000e+00	3.162689e-03
1.784000e+00	3.084403e-03
1.785000e+00	3.001061e-03
1.786000e+00	2.909352e-03
1.787000e+00	2.816125e-03
1.788000e+00	2.714828e-03
1.789000e+00	2.611909e-03
1.790000e+00	2.501243e-03
1.790490e+00	2.446749e-03
